[gd_scene load_steps=7 format=3 uid="uid://ct82s5lhclke7"]

[ext_resource type="Material" uid="uid://c0mv0o8qpfxk7" path="res://Materials/Proto_Grey.tres" id="1_nbl62"]
[ext_resource type="Material" uid="uid://tlkhhignch38" path="res://Materials/Proto_Orange.tres" id="2_j4thi"]
[ext_resource type="PackedScene" uid="uid://bwyanrb7c2v3f" path="res://Scenes/Player.tscn" id="3_5g3wc"]

[sub_resource type="ProceduralSkyMaterial" id="ProceduralSkyMaterial_6ftqs"]
sky_horizon_color = Color(0.64625, 0.65575, 0.67075, 1)
ground_horizon_color = Color(0.64625, 0.65575, 0.67075, 1)

[sub_resource type="Sky" id="Sky_p5t7w"]
sky_material = SubResource("ProceduralSkyMaterial_6ftqs")

[sub_resource type="Environment" id="Environment_81vws"]
background_mode = 2
sky = SubResource("Sky_p5t7w")
tonemap_mode = 2
glow_enabled = true

[node name="Level" type="Node3D"]

[node name="DirectionalLight3D" type="DirectionalLight3D" parent="."]
transform = Transform3D(-0.866025, -0.433013, 0.25, 0, 0.5, 0.866025, -0.5, 0.75, -0.433013, 0, 0, 0)
shadow_enabled = true

[node name="WorldEnvironment" type="WorldEnvironment" parent="."]
environment = SubResource("Environment_81vws")

[node name="CSGBox3D" type="CSGBox3D" parent="."]
transform = Transform3D(1, 0, 0, 0, 1, 0, 0, 0, 1, 0, -0.05, 0)
use_collision = true
size = Vector3(40, 0.1, 40)
material = ExtResource("1_nbl62")

[node name="CSGBox3D2" type="CSGBox3D" parent="."]
transform = Transform3D(1, 0, 0, 0, 1, 0, 0, 0, 1, -19.5, 1, 0)
use_collision = true
size = Vector3(1, 2, 40)
material = ExtResource("1_nbl62")

[node name="CSGBox3D3" type="CSGBox3D" parent="."]
transform = Transform3D(1, 0, 0, 0, 1, 0, 0, 0, 1, 19.5, 1, 0)
use_collision = true
size = Vector3(1, 2, 40)
material = ExtResource("1_nbl62")

[node name="CSGBox3D4" type="CSGBox3D" parent="."]
transform = Transform3D(-4.37114e-08, 0, 1, 0, 1, 0, -1, 0, -4.37114e-08, 0, 1, 19.5)
use_collision = true
size = Vector3(1, 2, 38)
material = ExtResource("1_nbl62")

[node name="CSGBox3D5" type="CSGBox3D" parent="."]
transform = Transform3D(-4.37114e-08, 0, 1, 0, 1, 0, -1, 0, -4.37114e-08, 0, 1, -19.5)
use_collision = true
size = Vector3(1, 2, 38)
material = ExtResource("1_nbl62")

[node name="Props" type="Node3D" parent="."]

[node name="CSGBox3D" type="CSGBox3D" parent="Props"]
transform = Transform3D(1, 0, 0, 0, 1, 0, 0, 0, 1, 8, 1.5, -4)
material_override = ExtResource("2_j4thi")
use_collision = true
size = Vector3(10, 3, 10)

[node name="CSGBox3D2" type="CSGBox3D" parent="Props"]
transform = Transform3D(1, 0, 0, 0, 0.906308, -0.422618, 0, 0.422618, 0.906308, 7, 0.9, 4.4)
material_override = ExtResource("2_j4thi")
use_collision = true
size = Vector3(1, 1, 8)

[node name="CSGCylinder3D" type="CSGCylinder3D" parent="Props"]
transform = Transform3D(1, 0, 0, 0, 1, 0, 0, 0, 1, -6, 2.5, -5)
material_override = ExtResource("2_j4thi")
use_collision = true
radius = 2.0
height = 5.0
sides = 16

[node name="CSGCylinder3D2" type="CSGCylinder3D" parent="Props"]
transform = Transform3D(1, 0, 0, 0, 1, 0, 0, 0, 1, -10, 2.5, 6)
material_override = ExtResource("2_j4thi")
use_collision = true
radius = 2.0
height = 5.0
sides = 16

[node name="CSGBox3D3" type="CSGBox3D" parent="Props"]
transform = Transform3D(0.34202, 0, 0.939693, 0, 1, 0, -0.939693, 0, 0.34202, -7.6, 4.8, 0.2)
material_override = ExtResource("2_j4thi")
use_collision = true
size = Vector3(10, 0.2, 1)

[node name="CSGBox3D4" type="CSGBox3D" parent="Props"]
transform = Transform3D(0.96225, 0.258819, -0.0841859, -0.257834, 0.965926, 0.0225575, 0.0871557, 1.29378e-09, 0.996195, 0.5, 3.6, -4.6)
material_override = ExtResource("2_j4thi")
use_collision = true
size = Vector3(10, 0.2, 1)

[node name="Player" parent="." instance=ExtResource("3_5g3wc")]
transform = Transform3D(1, 0, 0, 0, 1, 0, 0, 0, 1, 4, 0, 8)
